.Random.seed <-
c(403L, 10L, -305261960L, 1101291430L, 1903483329L, -504844717L, 
-1391237886L, -1094548428L, 1334695351L, -789300819L, -1985979708L, 
-1790951702L, 1524126037L, 458753775L, -419695370L, -60947424L, 
620901859L, 166078081L, 1149374704L, 1436700558L, -464027399L, 
-1161008501L, 799140538L, 675071420L, -741249281L, 1744200277L, 
-343075476L, -1484956222L, 25599517L, -230463849L, -678285314L, 
-329638984L, -181479525L, -1995268615L, 422845768L, 512284790L, 
1603626417L, 1679059939L, 828045490L, -1712368380L, -825985465L, 
-191340259L, -823316588L, 1874629434L, -525213819L, 529411167L, 
-620108058L, -731542160L, -716966253L, 273788721L, -457329184L, 
-425635202L, 1162469641L, 1830617915L, -1482491126L, -1202105620L, 
1657638767L, 1854754981L, 173202012L, 801888818L, -819408595L, 
251418599L, 537411342L, -1990348568L, -506551573L, 497249161L, 
-309995752L, 1534810694L, -132212063L, 1706270003L, 933561506L, 
-501453932L, 1314492951L, -1294494195L, -1121881308L, -597324022L, 
1029309045L, 450986447L, 1470958294L, 853880448L, -1417310013L, 
140365409L, -733706544L, 2133999662L, -226138663L, 308263403L, 
-443421606L, -1046383076L, 783496991L, -618706059L, 1883132428L, 
-70442014L, 811233469L, 1662689079L, 1875232734L, -1762011880L, 
763033723L, -441876967L, 1179637416L, -237620138L, -1085042479L, 
1494215811L, 1483476754L, -1701143900L, 1878124135L, 665810877L, 
-900191948L, 1681459866L, 2111916261L, -201344385L, 1433314310L, 
-484526192L, 1323137587L, 2113188305L, 2145235840L, -2139525538L, 
-2015472215L, -455461797L, -563180438L, -1882630900L, -1143195825L, 
964535301L, 2147113660L, -173151342L, -1469060979L, 119631559L, 
1647044526L, -948080120L, -401508853L, 976797417L, -2011899464L, 
1646892646L, 2022011649L, 1126151571L, 1434340930L, 614085108L, 
1605848055L, 265940973L, -457828220L, -1633255766L, -2087291883L, 
1535894703L, -1602393418L, 266381536L, -1059089373L, 60885825L, 
-1273326032L, -878861234L, -340497223L, -371463989L, 572126586L, 
340953212L, 824695999L, 312809877L, -167382612L, -1073921150L, 
-458446499L, 771860567L, -378872002L, -1816967304L, 1318562907L, 
1352195001L, 1552017928L, -2084605770L, 1024370673L, -223038941L, 
2009922162L, -2032647996L, 1552533127L, 1988951645L, -1293361068L, 
1814676090L, -1566713403L, -1288361185L, 661784230L, -2129323984L, 
905431763L, 1935630577L, 1721945120L, 2069994174L, 1657745097L, 
-262198149L, 631816778L, 2009314988L, 693121455L, 1783011685L, 
-1941076196L, 429558642L, 2019911661L, 1611253799L, -371830706L, 
760091816L, -786212181L, 604417993L, 2099594200L, 635445894L, 
1986589537L, 1411413747L, -209229470L, -170715180L, -186555689L, 
-1471698739L, -549969820L, -1065054646L, -1961796683L, 1238329103L, 
73643030L, 1359093440L, -1531115389L, 1542792353L, -1456452976L, 
-124159634L, -700459239L, -1728492629L, 1577982362L, 2011446620L, 
2019513439L, -1169912779L, -961865780L, -339950814L, 1603059069L, 
-1339863433L, 264468382L, 68900440L, 1404977083L, -642264743L, 
-1795568920L, -77294826L, -290417519L, 1652294312L, 1275472460L, 
-2004670596L, -1876432078L, 1526378096L, -951591612L, -129618984L, 
-52346758L, 244422192L, -826139972L, -2068474028L, 293599810L, 
1500797856L, -368461636L, -377785904L, 1669039458L, -654613528L, 
862988236L, 1398138620L, -1195520014L, -381092736L, 204278004L, 
1546638472L, 1271919930L, 481837904L, -1269584788L, -1476038508L, 
-470283950L, 688922336L, -1743249204L, 497293472L, -1930356350L, 
-916784920L, 272738540L, -1002624964L, 1628364914L, -759469968L, 
-1165827548L, 2139390520L, -983303654L, 2139414736L, 647300668L, 
2119879828L, 467928194L, 1475585984L, -810844868L, 998051472L, 
1364829218L, 2057752584L, -1488167796L, -1077407716L, 35026066L, 
1178676352L, -934296556L, -981712088L, 1291342906L, -1630163760L, 
5002348L, 369469108L, 1582952466L, -1625063456L, -948507700L, 
1606082016L, 1492638754L, 2102961448L, 628726028L, 1853689404L, 
1213625586L, -115980048L, -336230588L, -378007464L, -1547124166L, 
96336112L, -103034180L, -1514407404L, 1943989442L, -1547352480L, 
1291965820L, 1973990608L, 1043252258L, 1990961320L, 620907916L, 
1564733884L, 1844762674L, 1855390528L, -779858252L, -1108516536L, 
-859094342L, -903037168L, -1418813204L, -1963497388L, 2121426706L, 
-285154912L, -435124276L, -493723808L, -272237374L, -2128376280L, 
-282306132L, 1380115260L, 1404220274L, -1777160400L, -1006673884L, 
-937734600L, 1231278810L, 1358772112L, 1448441084L, -2057593452L, 
-1018399934L, -1509217792L, -409245636L, -1662119344L, 1549668514L, 
-1482939576L, -1640101364L, 1564711644L, -788049838L, 50375808L, 
-2074024108L, 1168035816L, 2111767290L, -1186248880L, -1224530900L, 
1730173300L, 875564690L, -1677712800L, -1642770292L, 900829536L, 
617502946L, 712223912L, 1769334476L, -622519812L, 1127439282L, 
-1773820944L, 282579396L, -1336865448L, 1503027578L, 188182960L, 
-1728476740L, 736378452L, 56154562L, 566649632L, 1853699004L, 
513945680L, 2094783458L, 260472680L, -1723680948L, 824676092L, 
-1326016782L, -870400768L, 876776564L, -383726072L, 1435092410L, 
1296365008L, -668452884L, 1289866132L, 1017858258L, 816047200L, 
-383742644L, -464612576L, 1646738050L, -958725656L, -244597780L, 
-367886788L, -898357646L, -523523216L, -170533596L, -179652040L, 
1316549018L, 1004858832L, 1659700668L, 1659530900L, -694361470L, 
-1347756608L, -2079508676L, -785239408L, 1106310946L, -426822136L, 
1774355212L, -1252260964L, -948397038L, -1551438976L, 923245332L, 
-243632856L, 1241002042L, 585319376L, 1641675372L, -894186444L, 
591966354L, 396179808L, 269901132L, 1836864992L, 2140527522L, 
-1572512856L, 2129616012L, -1648872516L, 1898194034L, 1168656368L, 
-775805884L, 421349464L, -2042527686L, 365611120L, -834503108L, 
233006868L, 680266434L, -1607183648L, 65242236L, 334875856L, 
1608635298L, 2087652904L, -156892916L, 358942652L, -72437454L, 
-1195321152L, 550900276L, -1369974072L, -1092582726L, 84429968L, 
-1449654548L, -1647323564L, -1581095278L, -1081235680L, 1153103820L, 
-1837078304L, -863351102L, 251647016L, -1529078868L, 2043202236L, 
435694105L, -1835530194L, -1018722756L, 13253549L, 1747678295L, 
705282464L, -1479255298L, 213940683L, 1430110157L, 121033466L, 
-531609288L, -1631726879L, 2063775123L, 1653169588L, -451191102L, 
-2146914601L, -273596639L, -2139941146L, 294907876L, 831979285L, 
-1822296257L, -518806824L, 898279158L, -1609805565L, 1294840389L, 
1312686690L, -245456432L, 865844985L, 681212971L, 615578524L, 
803206090L, 912280767L, -241766903L, -1506695394L, -1599156532L, 
-870560099L, -132625625L, 860874064L, 1339542510L, 1798091931L, 
1433083645L, -270637590L, 894056072L, -1316290511L, 1968364195L, 
2058461860L, 1389114194L, -1467852121L, 673974001L, 55911990L, 
-1490834732L, -1290371483L, 2094566511L, 1248229032L, -1383255034L, 
-697884365L, -2051113579L, -646385166L, 74939968L, -1264492631L, 
-1218002405L, 369605612L, 79657978L, -756008913L, 1647360057L, 
-258274738L, 815139484L, -414183411L, -405779337L, 95308928L, 
-1353880866L, 1347525035L, 1856443053L, 1812072218L, -285927464L, 
-725248959L, -593108237L, -648338156L, 762712226L, -97317449L, 
1812906369L, -637552762L, 944551364L, -1932032779L, 215403871L, 
482631608L, -304500074L, 690887843L, -1002277275L, 1241600898L, 
-1507471120L, -138872679L, -1740943221L, 1290746236L, -1785469014L, 
759199711L, -1228425879L, 572664190L, 863443308L, -1702526531L, 
-1466641785L, 2033985136L, -1266791154L, -785894853L, 1858459933L, 
-383980598L, -1529862936L, 1955469265L, -1081390653L, 1781535428L, 
-25529998L, -1716995001L, -591777775L, 1491384726L, 1977564404L, 
1745286789L, 812466127L, 266383048L, 345958L, -924959341L, -152985867L, 
1015627474L, 2017929504L, -1142585079L, -566747589L, 426644364L, 
1336783386L, -469142897L, 2059394521L, -157826450L, -1660562948L, 
-1693203603L, -915067625L, -908834592L, -195236162L, -687407989L, 
1197570829L, 199101242L, 1415013240L, -505892575L, 369809875L, 
-1206482700L, 1004292482L, -1986372585L, 706652897L, 1938420774L, 
1809338660L, 350360021L, -1703522945L, -604752872L, -1401857226L, 
